1861272579
13949404
371915505
1606479765
1941000271
2114956767
929057825
321267438
767941908
422929286
1638232
1763961460
888511385
1757050104
693468031
723444748
2030953969
2138271565
1938844057
235206421
1744407267
806187625
1121084452
44865986
295866605
1205387430
1733293859
854216658
891190811
1693006299
198544543
1896030410
73263037
823733128
1803093734
1454644521
1256626999
1775787595
2081866806
984347871
1868135056
1534967052
470191553
1917093958
1900996165
1928328736
1745349075
1602769152
1853753343
339685125
1076362149
16395915
688236589
845428581
1366352315
1240720834
728844668
445612588
1135289427
417195994
278963703
586154920
998251651
1473247993
392568441
828024303
910427961
741755652
544672329
1732529989
900755450
1384620447
1183053837
34750886
2090072665
1461266676
886036440
962838782
1142128929
1552072817
203975210
827453858
2060377081
583792492
2095113548
284041377
27275958
1013009295
396867649
70369161
1578483077
1699583748
1224063889
2095927810
1084440929
504981614
370613554
1199425778
320056457
1889820711
933550647
670199147
485335114
884369692
867092557
400576957
135682954
1943258411
1412810101
372682628
1614614144
1216554716
443308725
1068969632
324414222
2116333068
438228615
1586906742
1542200701
1787046064
176910706
1220868294
2074653820
14776401
1386352202
223889064
512149104
575533752
729423776
1588746156
244977094
603867559
194348391
90780450
1033633780
1287719877
367778273
791498245
1197294197
1001796589
923478843
1044597432
870225399
1514644923
366069323
2133946653
117008424
1613045163
616494813
1967208963
222811929
1736093982
671243685
861016104
1352846442
1880779905
1456063142
1477070029
205018083
1175151193
358999292
1419536221
1749431824
1502054891
1366282552
68214093
1865477200
1961537847
1545129432
1618104100
1890186739
642932302
1772971657
1999037074
434445403
279488421
815155758
1524640493
857889847
349452571
2029069899
537478133
1078762049
1696809569
1843077670
1302275362
188678910
1440577398
1053691908
1249744594
2067323698
1371467473
1311835460
1951456118
1752718242
902307395
1698356298
2069148209
1971252792
1615452875
280721104
58022469
226060745
504369672
823122595
131800191
1110170080
1290609424
1687754468
2125334100
1394718149
1243923238
864557521
743899845
74902081
453858225
133273431
101110996
712944995
1655264352
1524800826
1405122931
23435258
886873805
4046808
1442708999
372287916
1423140501
49540021
1542961558
1689867781
1136563692
358931379
278122430
1479265138
590993047
708273554
451766757
1489192754
2088194340
2104513106
1496106452
175116041
1122704697
1506519937
1248383029
658337213
837789547
1826126697
2022597202
1272525651
548975884
1047934876
1128071885
1518535479
1330134605
267540965
1877725584
1661697623
127120526
1915935364
1755859630
12524336
43117746
977967983
2015539790
770202752
1913712395
901641646
1246531090
1745053145
924040936
1901759895
1879436964
360090225
427494329
1564388288
1031666195
430773487
842621972
1440315086
939981418
1377984994
1330144910
440737100
797341197
615540699
963800494
125753337
412426311
1719280108
1548304771
1298935498
2037643131
746384008
1024040329
1111862445
1816900568
1577869683
2127689025
171753331
440212549
571147128
17878206
1978781309
1445702921
1299011089
1160617421
903029046
942242773
729872833
546112567
168806291
301435150
306642777
1931883886
1367213009
674019363
267196016
375135035
2030029300
1629745211
2121327439
626759779
544317118
57466006
1611005339
692911197
2102153945
500393171
562063345
1965559909
424448762
1917151247
716368741
1216104905
1473269836
759683742
1214370379
238378765
1374901700
1048830180
1143060684
32209926
186347238
906871740
1101891421
1737624666
627645909
405118499
1303451703
632089274
2070310056
23578851
1152757709
1948835576
658941788
261463337
662763197
63374990
2139051665
17599228
1584965357
1125597711
737282354
523880488
176409116
1380579752
1990569676
2004291566
699862920
828161821
1074209340
341357051
1259135020
978423602
1083193735
1018228526
69653539
288442358
980119627
1670998499
1828120874
1178991689
481706154
21981088
68958732
1495722991
172737955
1956402588
1136177299
307275169
1823077995
175186569
160585146
1715088190
1961699296
2111119128
854368562
1296757692
1942479688
1209714522
1444285105
1092097694
343212149
225512401
2025770299
915675755
894599883
1007220934
1896132084
1782097955
765904976
547951514
1011217462
346301476
608223762
394608214
750750762
1401630809
1460882920
878700289
70716804
978868037
2110361839
1011514221
1038962695
656481108
1854487517
1941529308
269063391
1695335602
692434418
531380233
1670571805
1099125757
352266405
2076537703
1612426924
963170175
269400139
912608297
879440805
1779150981
628236839
1746944421
498461963
316505194
185801939
331966035
190635339
2110024896
1790964161
1603857575
819525881
1958853756
1530768582
773466614
934866207
1305979597
168730792
1180007104
367916883
973632868
22222336
1976130221
1986023492
758504723
725950869
1201656676
1307537144
576619457
1796998535
2091849984
1267896051
48699976
309227125
269864135
121054481
895648458
1450751783
255888843
1461523007
899224263
1419764302
1287821897
2082428413
1833342132
885845368
2046458972
737852052
1508860186
1926242326
1038794557
2125553036
779408207
2010971996
1308700286
798194228
2067530834
557834931
1765566162
2088934135
1653345789
1491767190
259583605
1282362178
515244354
1057792974
1456884152
243399570
2007709102
156332003
1099474140
1912572192
1065602648
1717572603
767555647
373491600
178621019
2048811474
1621647520
1314904563
1994262711
1796105048
2107399504
615673757
1052622653
458644985
1127453812
1868000803
1426060528
1881793576
1312962463
1565642716
640001121
1900736471
1858618972
511933142
1240827712
377659567
1510165684
245427095
1724583425
486840416
414176642
1072322167
835895145
51683341
1058518799
770923045
1134774964
360550941
1728297200
627231078
2022988470
1406115986
1681325114
1441363772
1385377844
1027723334
735101717
381136428
1963710042
1545988798
1029082933
2111045640
1766739393
332591082
2105865680
606497553
1446984609
1365504835
2029510003
1491855120
1737423115
1535145546
1322656564
1285641051
1936171690
417890839
1219805383
1390177819
96524573
938344926
1790751361
174811622
301301858
213887780
2071777029
1056673945
1976716572
1103406514
1431988953
589101142
1123280924
453748891
443180540
1062047984
2103876871
1540323042
294002309
2084419263
933819730
897709834
1736559863
2058854711
767123666
1703121521
553872584
1742393190
1315333838
619153048
1547008021
979294718
691654818
313544915
1972000314
1294153247
1119245513
1350072918
363318624
1000105147
412700560
2033615757
1777785894
1307539747
620368078
493180761
1749656354
980763307
1751910024
203489351
1251556233
303285666
1343494131
1462795159
805446457
1549175758
905228478
1400874398
1632785125
1673554509
1837308004
968263015
2112899786
717116510
898956606
1216220397
1266860233
1967059673
2008662193
1142546911
2134645350
1122590668
1737518181
985436161
831672263
2092149565
2007986624
525676963
304993383
2127806339
2143449729
921416878
748890029
193062336
2098374182
1398425840
1282060112
1880872033
856974791
2491908
1079308463
142971432
2034140278
2003475753
2020879358
318008954
1837176142
899542028
317989716
1513843076
1921812323
1745661781
415967953
1114115086
1022332209
320777016
1115353942
368948531
1132671628
1517004788
1373614732
893595474
1305988047
310749942
94045690
77947638
100927196
1918785689
269148024
970278786
1632224631
843266439
1534453720
432555217
723387024
1060786701
232846313
732777757
2124530001
765128138
376537130
1972719848
502459303
927805517
748563352
1145052938
1303768199
1656470252
317525656
156837597
1007057910
1303671363
28947600
1191008978
592819559
1341689680
1200158260
1893463196
2023253926
1572667684
597037712
1369226800
160066348
1585584792
799023521
973072756
1345838187
57155058
679869597
1955314739
32568332
1915109586
761910666
2135060048
1649969013
572867780
1019588959
1459614500
1035201819
1871947586
1187649352
2109643846
1829107752
585581059
2090788059
599991752
1625653199
2066358459
181081129
446207304
393263004
1764126409
1513325581
1814208446
1428531816
467058052
791950179
203014347
1858098593
355857877
161381844
72805947
1731356086
498320552
87294164
421683447
537658629
1964874674
1792605999
1280941430
259052835
951645376
1993115223
1837627055
2035585878
529871189
2077873061
433468713
1044128767
1583307332
1176458947
863584300
1566843674
1497149404
524141129
262035109
1682600613
1403838995
2066643023
668780983
272572883
549825530
295549669
173611372
1603536578
1866980243
1453377784
1441414710
94009163
1611521996
786430808
1928226418
25690449
135163296
1799300993
2134555944
1767427673
1163094807
1738266255
673413997
830227889
1438875864
373297381
1209349580
1753155852
1814767724
90898927
877393072
1722640802
49430360
1847372778
475711520
201898859
289960953
733342028
870814463
677625336
743242111
1905268625
721119958
1612914085
560950514
442078468
1866876703
1860664651
533921743
1436057435
248601412
1388238069
1854884675
26629226
880802806
1047981671
1914555450
38481502
366026367
1411985161
1540301577
2080723701
1099534959
787273478
1058595579
2061364505
2147042131
1169375176
2065729335
344812296
1349379266
1590011342
34121726
105715133
785264262
1649440619
282084410
1496269941
775392017
1082859723
1846939783
1788299143
1910056636
1736325896
274054989
1837260955
177510472
563717221
1844966430
834409977
860268529
1673255299
1103452828
62904704
677405804
1348535081
286695929
1692658482
795235165
1726682874
1412541407
151709864
724595259
2040239523
1434271412
295683909
282299405
814723612
704013612
1869365561
741228117
268326172
42314104
356058771
1390323655
400106578
819957689
626316224
1679422821
1681780026
497135168
1639381746
873814012
1698921498
831046374
162767730
1890555479
397894541
149473829
1798260660
1829548389
1548916177
837417905
2022390544
2094191939
1974428090
1295595186
1731594169
204814239
2044112379
2100852794
106784784
1583019443
632875818
257369535
577709687
793141322
895201925
388322593
335017318
2081424839
2146143090
1091578618
209036405
2139095990
762569503
323231625
1567778112
22379694
325878833
962246381
1923063557
1300315149
1603117371
1263819135
247449468
1354868084
1498778647
2137024466
306203987
999591297
366358198
546617837
70944593
512350466
1812341239
111154825
2015854532
1765104252
768063706
322504625
86507347
82552010
177196108
1722652414
244593244
594951550
666840418
2017235280
1349015771
1923201818
1476584129
628431371
721476451
1162040995
1206717147
459527361
925161715
1411339725
1429876960
