14567
14193
15573
5055
16656
10298
7066
9665
2290
10530
11566
12546
12236
10496
5359
11429
156
2687
15280
7287
9573
14992
14996
7012
11996
11803
4124
5409
7503
5765
4155
10707
8912
5278
9380
15606
13838
2321
9500
12899
10352
15894
9857
14961
6050
8131
2404
5716
13363
4642
13289
7140
785
13001
8118
13226
12968
420
7731
7952
13696
215
7148
10220
8346
8793
15308
315
9220
9119
11507
10416
148
12564
9368
8195
4760
11747
12143
2468
15270
5576
12497
5999
6627
11278
5272
16106
4080
7818
1571
10064
11647
4079
10341
13259
7442
12584
16772
2500
5665
7061
3560
15532
4159
6022
5885
12254
15330
523
2908
2162
5653
1912
5113
14192
13213
103
10567
9051
14736
15432
6687
10004
15095
3875
16733
15007
16551
6727
1972
4099
734
11258
13753
4824
3957
969
2734
10612
16414
14321
10608
4787
8594
723
12369
4038
8558
3902
10006
4917
8786
3460
1487
11765
1496
5211
15461
3935
3256
10072
6531
44
15441
292
251
12986
5766
16484
2249
16192
16244
5262
8413
4797
3563
4766
324
8485
12586
166
3138
654
14314
7843
11989
12918
14461
3790
13635
3415
12600
8549
3478
15835
2226
2627
9438
10368
14736
8122
2854
6374
1652
5780
1267
9178
16517
4678
2012
6113
8505
14823
11072
2091
7072
3787
937
7132
5988
13054
7066
2000
10675
13482
13129
12033
16215
4149
16124
8938
10815
16021
6367
15060
4627
936
12619
9514
12470
8065
11317
8391
11558
7339
8895
13965
4412
5573
1771
12651
15257
13527
8253
5783
15682
16044
4500
10301
12611
9347
9498
16367
7514
1538
12661
16501
5873
12631
8278
5788
11049
8893
15464
10028
12223
14762
12002
4404
9190
8223
6247
10634
5752
2031
4222
5897
1003
5228
11845
13559
1834
9796
3660
7290
5036
13087
15985
598
3875
13303
14792
3262
14925
7137
14554
7214
15461
8751
4260
16640
11354
8625
4311
11250
16800
11085
1740
801
11983
1430
11792
4653
2206
785
5408
14112
6390
14406
12886
11802
6667
9908
8024
1410
1591
3654
15402
1445
11611
15128
15643
1307
10672
15045
13613
4516
9306
13547
8098
3831
10060
1610
13850
6912
11866
14064
4863
5484
7913
3476
3949
8702
15210
8011
15415
11219
14845
7509
2282
15264
13152
15272
3820
11966
16329
4248
14839
3716
1891
1731
13861
14034
15245
16569
2235
11580
12921
495
15970
2926
2457
7168
1205
4913
13760
8705
16392
1199
10369
1187
6838
12994
4039
5605
7614
7388
7251
3296
15430
11310
1234
12935
13535
12778
4588
10693
10196
12256
3339
7282
1612
8607
2492
8196
275
3016
266
15072
11668
328
7333
8002
4576
1378
96
15006
13881
14405
8229
1092
7591
8530
15052
14242
10172
12291
12212
2047
3946
13658
3671
13791
12119
16763
10614
10220
15310
1721
6242
9225
1570
2686
5039
10497
8278
4325
5885
4900
4303
1652
8513
2572
14980
10784
11114
11954
15240
2243
1372
1178
1025
6297
11584
16259
2702
367
2301
10007
6476
10764
2419
1910
3996
3242
41
8551
880
12139
9707
1163
16679
16309
1075
9748
13927
9791
12414
14742
6815
6538
5144
11097
10017
9105
8639
16144
4387
11883
6713
3421
2707
13813
3911
9379
576
3715
2278
9346
149
6870
5152
13915
2941
2193
12837
10602
3841
14455
5506
1406
11836
7934
13374
12493
2856
6246
15517
5571
10979
5162
12124
12499
12287
14360
10906
9042
14017
7651
329
10477
6563
11784
887
7629
16187
4749
14051
16588
13425
5564
1342
11670
14644
5570
10228
4298
10448
9447
2082
10075
6084
15017
473
4130
14408
4767
7611
11719
13599
16578
10526
11083
12264
7624
12902
12735
10198
15825
10895
11553
2985
7903
467
11717
5337
13401
8708
5151
6390
3740
13460
1880
14469
15844
1975
4711
1873
4956
14762
10547
7997
2404
4408
16141
4245
9434
13458
2182
52
11421
5742
4159
12124
34
12478
4335
14371
3890
6637
14547
11996
1029
16731
8198
6119
6946
10085
3609
7309
7055
5425
10739
11742
5061
16635
14734
3542
7605
553
8427
13223
2226
10835
7478
7112
3262
13865
642
9548
6149
10648
6881
16585
3272
9227
9008
8983
13106
15718
7012
8602
16289
2697
15323
3180
12797
11988
962
13083
11825
2578
1843
5926
1308
14488
1931
2137
9180
15149
1075
429
4551
10522
1395
11620
172
764
4367
9417
7164
16265
12003
6241
3495
5755
11951
4429
6248
8186
8733
11996
16596
9220
15604
14679
7517
4274
4875
12314
3078
15705
16638
1
13907
11339
6773
1954
2875
14065
9771
12469
4250
8708
16495
12592
1964
11773
15409
12443
5956
10413
10249
1309
12619
15067
16361
8817
4373
3297
1458
10018
1077
5063
14735
15780
6279
15830
16732
12499
9858
14761
6710
2280
16180
6255
15739
4756
14515
1940
12804
5993
16345
442
16749
4683
3861
13923
3974
10821
3079
10624
4746
7540
13874
15679
2446
115
3826
6436
14220
14109
8870
12564
6786
7116
1198
15907
7067
14029
15350
15496
4939
14860
3773
6915
4637
7225
14763
4233
11323
15869
16339
5784
10282
8227
1602
6609
16657
3602
11693
6967
13752
3470
9575
6251
6118
3043
8448
1581
7096
14413
7689
3241
11229
7724
16763
10174
15003
7037
3466
11799
1518
5180
5702
3692
131
6710
13805
2570
11460
10510
10868
13818
8639
6212
640
2895
15775
15718
638
7862
12835
2489
13314
1555
6362
8519
4358
3342
15460
6623
8940
8549
1700
6500
16232
3110
12934
13056
10748
6327
1296
11789
1489
10968
9403
9030
3954
11595
13548
15533
11131
2624
3181
10479
7040
1662
3432
4778
9129
11152
12054
1194
15958
3083
14777
6111
7096
2252
16116
15259
2722
9666
764
6669
5332
8506
4940
963
2481
9485
16480
15053
12269
4698
12317
14601
4973
4798
10768
13620
1754
4880
7750
7911
700
2898
3394
13047
2941
9001
12825
11682
3617
6930
11771
16043
123
15714
6575
4092
4097
3081
6458
5324
13346
4898
1623
13389
15840
13578
6612
12365
10396
13198
15929
7101
6173
9041
10843
16016
4423
3787
631
15909
16024
6844
1256
9778
15750
15337
6960
4765
8945
11128
16198
7522
10532
