0.80859375
0.30859375
0.30859375
0.30859375
0.30859375
0.30859375
0.30859375
0.8125
0.8125
0.8125
0.8125
0.8125
0.8125
0.8125
0.8125
0.3125
0.3125
0.3125
0.3125
0.3125
0.3125
0.3125
0.3125
0.3125
0.3125
0.81640625
0.81640625
0.81640625
0.81640625
0.81640625
0.81640625
0.81640625
0.81640625
0.81640625
0.31640625
0.31640625
0.31640625
0.31640625
0.31640625
0.31640625
0.31640625
0.8203125
0.8203125
0.8203125
0.8203125
0.8203125
0.8203125
0.3203125
0.3203125
0.3203125
0.3203125
0.3203125
0.3203125
0.3203125
0.3203125
0.3203125
0.82421875
0.82421875
0.82421875
0.82421875
0.82421875
0.82421875
0.82421875
0.82421875
0.32421875
0.32421875
0.32421875
0.32421875
0.32421875
0.32421875
0.32421875
0.32421875
0.328125
0.328125
0.328125
0.828125
0.828125
0.828125
0.33203125
0.33203125
0.33203125
0.33203125
0.33203125
0.33203125
0.33203125
0.33203125
0.83203125
0.83203125
0.83203125
0.83203125
0.83203125
0.83203125
0.83203125
0.83203125
0.3359375
0.3359375
0.3359375
0.3359375
0.3359375
0.3359375
0.3359375
0.3359375
0.3359375
0.8359375
0.8359375
0.8359375
0.8359375
0.8359375
0.8359375
0.33984375
0.33984375
0.33984375
0.33984375
0.33984375
0.33984375
0.33984375
0.83984375
0.83984375
0.83984375
0.83984375
0.83984375
0.83984375
0.83984375
0.83984375
0.83984375
0.84375
0.84375
0.84375
0.84375
0.84375
0.84375
0.84375
0.34375
0.34375
0.34375
0.34375
0.34375
0.84765625
0.84765625
0.84765625
0.84765625
0.84765625
0.84765625
0.34765625
0.34765625
0.34765625
0.34765625
0.34765625
0.34765625
0.34765625
0.34765625
0.34765625
0.34765625
0.8515625
0.8515625
0.8515625
0.8515625
0.8515625
0.8515625
0.8515625
0.3515625
0.3515625
0.3515625
0.3515625
0.3515625
0.3515625
0.3515625
0.3515625
0.85546875
0.85546875
0.85546875
0.85546875
0.85546875
0.85546875
0.85546875
0.35546875
0.35546875
0.35546875
0.35546875
0.35546875
0.35546875
0.35546875
0.359375
0.359375
0.359375
0.359375
0.359375
0.359375
0.859375
0.859375
0.859375
0.859375
0.859375
0.859375
0.859375
0.36328125
0.36328125
0.36328125
0.36328125
0.36328125
0.86328125
0.86328125
0.86328125
0.86328125
0.86328125
0.86328125
0.86328125
0.86328125
0.3671875
0.3671875
0.3671875
0.3671875
0.3671875
0.3671875
0.3671875
0.8671875
0.8671875
0.8671875
0.8671875
0.8671875
0.8671875
0.8671875
0.37109375
0.37109375
0.37109375
0.37109375
0.37109375
0.37109375
0.37109375
0.87109375
0.87109375
0.87109375
0.87109375
0.87109375
0.87109375
0.87109375
0.87109375
0.87109375
0.375
0.375
0.375
0.375
0.875
0.875
0.875
0.875
0.875
0.875
0.875
0.875
0.875
0.875
0.37890625
0.37890625
0.37890625
0.37890625
0.37890625
0.37890625
0.37890625
0.37890625
0.37890625
0.37890625
0.87890625
0.87890625
0.87890625
0.87890625
0.87890625
0.87890625
0.87890625
0.87890625
0.87890625
0.3828125
0.3828125
0.3828125
0.3828125
0.3828125
0.3828125
0.3828125
0.3828125
0.3828125
0.3828125
0.8828125
0.8828125
0.8828125
0.8828125
0.8828125
0.8828125
0.8828125
0.8828125
0.8828125
0.8828125
0.38671875
0.38671875
0.38671875
0.38671875
0.38671875
0.38671875
0.38671875
0.38671875
0.38671875
0.38671875
0.38671875
0.88671875
0.88671875
0.88671875
0.88671875
0.88671875
0.88671875
0.88671875
0.88671875
0.88671875
0.890625
0.890625
0.890625
0.890625
0.890625
0.890625
0.890625
0.890625
0.890625
0.890625
0.390625
0.390625
0.390625
0.390625
0.390625
0.390625
0.390625
0.390625
0.390625
0.390625
0.89453125
0.89453125
0.89453125
0.89453125
0.89453125
0.89453125
0.89453125
0.89453125
0.89453125
0.89453125
0.39453125
0.39453125
0.39453125
0.39453125
0.39453125
0.39453125
0.39453125
0.39453125
0.39453125
0.39453125
0.8984375
0.8984375
0.8984375
0.8984375
0.8984375
0.8984375
0.8984375
0.8984375
0.8984375
0.8984375
0.8984375
0.3984375
0.3984375
0.3984375
0.3984375
0.3984375
0.3984375
0.3984375
0.3984375
0.3984375
0.3984375
0.90234375
0.90234375
0.90234375
0.90234375
0.90234375
0.90234375
0.90234375
0.90234375
0.90234375
0.90234375
0.40234375
0.40234375
0.40234375
0.40234375
0.40234375
0.40234375
0.40234375
0.40234375
0.40234375
0.40625
0.40625
0.40625
0.40625
0.40625
0.40625
0.40625
0.40625
0.40625
0.90625
0.90625
0.90625
0.90625
0.90625
0.90625
0.90625
0.90625
0.90625
0.41015625
0.41015625
0.41015625
0.41015625
0.41015625
0.41015625
0.41015625
0.41015625
0.41015625
0.91015625
0.91015625
0.91015625
0.91015625
0.91015625
0.91015625
0.91015625
0.91015625
0.91015625
0.4140625
0.4140625
0.4140625
0.4140625
0.4140625
0.4140625
0.4140625
0.4140625
0.4140625
0.9140625
0.9140625
0.9140625
0.9140625
0.9140625
0.9140625
0.9140625
0.9140625
0.9140625
0.41796875
0.41796875
0.41796875
0.41796875
0.41796875
0.41796875
0.41796875
0.41796875
0.41796875
0.91796875
0.91796875
0.91796875
0.91796875
0.91796875
0.91796875
0.91796875
0.91796875
0.91796875
0.921875
0.921875
0.921875
0.921875
0.921875
0.921875
0.921875
0.921875
0.921875
0.921875
0.421875
0.421875
0.421875
0.421875
0.421875
0.421875
0.421875
0.421875
0.421875
0.421875
0.92578125
0.92578125
0.92578125
0.92578125
0.92578125
0.92578125
0.92578125
0.92578125
0.92578125
0.92578125
0.42578125
0.42578125
0.42578125
0.42578125
0.42578125
0.42578125
0.42578125
0.42578125
0.42578125
0.42578125
0.9296875
0.9296875
0.9296875
0.9296875
0.9296875
0.9296875
0.9296875
0.9296875
0.9296875
0.9296875
0.4296875
0.4296875
0.4296875
0.4296875
0.4296875
0.4296875
0.4296875
0.4296875
0.4296875
0.4296875
0.93359375
0.93359375
0.93359375
0.93359375
0.93359375
0.93359375
0.93359375
0.93359375
0.93359375
0.93359375
0.43359375
0.43359375
0.43359375
0.43359375
0.43359375
0.43359375
0.43359375
0.43359375
0.43359375
0.9375
0.9375
0.9375
0.9375
0.9375
0.9375
0.9375
0.9375
0.9375
0.9375
0.4375
0.4375
0.4375
0.4375
0.4375
0.4375
0.4375
0.4375
0.4375
0.4375
0.4375
0.94140625
0.94140625
0.94140625
0.94140625
0.94140625
0.94140625
0.94140625
0.94140625
0.94140625
0.44140625
0.44140625
0.44140625
0.44140625
0.44140625
0.44140625
0.44140625
0.44140625
0.44140625
0.44140625
0.9453125
0.9453125
0.9453125
0.9453125
0.9453125
0.9453125
0.9453125
0.9453125
0.9453125
0.9453125
0.4453125
0.4453125
0.4453125
0.4453125
0.4453125
0.4453125
0.4453125
0.4453125
0.4453125
0.4453125
0.94921875
0.94921875
0.94921875
0.94921875
0.94921875
0.94921875
0.94921875
0.94921875
0.94921875
0.94921875
0.44921875
0.44921875
0.44921875
0.44921875
0.44921875
0.44921875
0.44921875
0.44921875
0.44921875
0.44921875
0.453125
0.453125
0.453125
0.453125
0.453125
0.453125
0.453125
0.453125
0.453125
0.453125
0.953125
0.953125
0.953125
0.953125
0.953125
0.953125
0.953125
0.953125
0.953125
0.953125
0.45703125
0.45703125
0.45703125
0.45703125
0.45703125
0.45703125
0.45703125
0.45703125
0.45703125
0.45703125
0.95703125
0.95703125
0.95703125
0.95703125
0.95703125
0.95703125
0.95703125
0.95703125
0.95703125
0.4609375
0.4609375
0.4609375
0.4609375
0.4609375
0.4609375
0.4609375
0.4609375
0.4609375
0.4609375
0.9609375
0.9609375
0.9609375
0.9609375
0.9609375
0.9609375
0.9609375
0.9609375
0.9609375
0.9609375
0.46484375
0.46484375
0.46484375
0.46484375
0.46484375
0.46484375
0.46484375
0.46484375
0.46484375
0.46484375
0.96875
0.96875
0.96875
0.96875
0.96875
0.96875
0.96875
0.96875
0.96875
0.96875
0.46875
0.46875
0.46875
0.46875
0.46875
0.46875
0.46875
0.46875
0.46875
0.46875
0.46875
0.97265625
0.97265625
0.97265625
0.97265625
0.97265625
0.97265625
0.97265625
0.97265625
0.97265625
0.97265625
0.47265625
0.47265625
0.47265625
0.47265625
0.47265625
0.47265625
0.47265625
0.47265625
0.47265625
0.47265625
0.9765625
0.90625
0.8046875
0.75390625
0.34375
0.9453125
0.26953125
0.3203125
0.37109375
0.921875
0.46875
0.7578125
0.78125
0.3046875
0.33203125
0.3828125
0.90625
0.4296875
0.45703125
0.48046875
0.75
0.76171875
0.2734375
0.78515625
0.30859375
0.32421875
0.33984375
0.3515625
0.86328125
0.875
0.89453125
0.40234375
0.9140625
0.42578125
0.4375
0.453125
0.46484375
0.98046875
0.99609375
0.75390625
0.26171875
0.265625
0.7734375
0.27734375
0.78515625
0.29296875
0.296875
0.8046875
0.30859375
0.31640625
0.82421875
0.828125
0.3359375
0.83984375
0.84765625
0.3515625
0.35546875
0.86328125
0.37109375
0.37890625
0.8828125
0.890625
0.39453125
0.90234375
0.90625
0.9140625
0.921875
0.42578125
0.93359375
0.44140625
0.94921875
0.45703125
0.46484375
0.46875
0.9765625
0.48046875
0.98828125
0.99609375
0.75
0.75390625
0.2578125
0.26171875
0.76171875
0.265625
0.26953125
0.7734375
0.77734375
0.28125
0.78125
0.78515625
0.2890625
0.29296875
0.796875
0.3046875
0.30859375
0.81640625
0.8203125
0.82421875
0.328125
0.33203125
0.3359375
0.33984375
0.84375
0.84765625
0.8515625
0.85546875
0.859375
0.86328125
0.8671875
0.37890625
0.3828125
0.38671875
0.890625
0.89453125
0.8984375
0.90234375
0.40234375
0.90625
0.91015625
0.9140625
0.91796875
0.421875
0.42578125
0.9296875
0.93359375
0.9375
0.44140625
0.9453125
0.94921875
0.453125
0.45703125
0.95703125
0.46484375
0.96875
0.97265625
0.9765625
0.98046875
0.484375
0.984375
0.98828125
0.9921875
0.99609375
0.75
0.25390625
0.75390625
0.2578125
0.7578125
0.26171875
0.76171875
0.765625
0.265625
0.76953125
0.26953125
0.7734375
0.2734375
0.2734375
0.77734375
0.27734375
0.28125
0.78125
0.28515625
0.78515625
0.2890625
0.7890625
0.29296875
0.79296875
0.796875
0.296875
0.30078125
0.8046875
0.3046875
0.3046875
0.30859375
0.30859375
0.3125
0.81640625
0.31640625
0.8203125
0.3203125
0.82421875
0.32421875
0.328125
0.328125
0.828125
0.33203125
0.83203125
0.3359375
0.8359375
0.33984375
0.83984375
0.84375
0.34375
0.84765625
0.34765625
0.8515625
0.3515625
0.85546875
0.36328125
0.86328125
0.3671875
0.8671875
0.37109375
0.87109375
0.375
0.875
0.87890625
0.38671875
0.88671875
0.890625
0.390625
0.89453125
0.39453125
0.8984375
0.3984375
0.90234375
0.40625
0.90625
0.41015625
0.91015625
0.4140625
0.9140625
0.41796875
0.921875
0.421875
0.92578125
0.42578125
0.9296875
0.9296875
0.4296875
0.93359375
0.43359375
0.43359375
0.9375
0.4375
0.94140625
0.44140625
0.9453125
0.4453125
0.94921875
0.44921875
0.453125
0.953125
0.45703125
0.95703125
0.95703125
0.4609375
0.9609375
0.46484375
0.96484375
0.96484375
0.96875
0.46875
0.97265625
0.47265625
0.47265625
0.9765625
0.4765625
0.98046875
0.48046875
0.48046875
0.484375
0.984375
0.48828125
0.98828125
0.98828125
0.4921875
0.9921875
0.49609375
