194
1166
6998
41990
251942
1511654
9069926
4087910
7750246
12947046
10573414
13108838
11544166
2156134
12936806
10511974
12740198
9332326
5662310
419430
2516582
15099494
6710886
6710886
6710886
6710886
6710886
6710886
6710886
6710886
6710886
6710886
6710886
6710886
6710886
6710886
6710886
6710886
6710886
6710886
6710886
6710886
6710886
6710886
6710886
6710886
6710886
6710886
6710886
6710886
6710886
6710886
6710886
6710886
6710886
6710886
6710886
6710886
6710886
6710886
6710886
6710886
6710886
6710886
6710886
6710886
6710886
6710886
6710886
6710886
6710886
6710886
6710886
6710886
6710886
6710886
6710886
6710886
6710886
6710886
6710886
6710886
6710886
6710886
6710886
6710886
6710886
6710886
6710886
6710886
6710886
6710886
6710886
6710886
6710886
6710886
6710886
6710886
6710886
6710886
6710886
6710886
6710886
6710886
6710886
6710886
6710886
6710886
6710886
6710886
6710886
6710886
6710886
6710886
6710886
6710886
6710886
6710886
6710886
6710886
6710886
6710886
6710886
6710886
6710886
6710886
6710886
6710886
6710886
6710886
6710886
6710886
6710886
6710886
6710886
6710886
6710886
6710886
6710886
6710886
6710886
6710886
6710886
6710886
6710886
6710886
6710886
6710886
6710886
6710886
6710886
6710886
6710886
6710886
6710886
6710886
6710886
6710886
6710886
6710886
6710886
6710886
6710886
6710886
6710886
6710886
6710886
6710886
6710886
6710886
6710886
6710886
6710886
6710886
6710886
6710886
6710886
6710886
6710886
6710886
6710886
6710886
6710886
6710886
6710886
6710886
6710886
6710886
6710886
6710886
6710886
6710886
6710886
6710886
6710886
6710886
6710886
6710886
6710886
6710886
6710886
6710886
6710886
6710886
6710886
6710886
6710886
6710886
6710886
6710886
6710886
6710886
6710886
6710886
6710886
6710886
6710886
6710886
6710886
6710886
6710886
6710886
6710886
6710886
6710886
6710886
6710886
6710886
6710886
6710886
6710886
6710886
6710886
6710886
6710886
6710886
6710886
6710886
6710886
6710886
6710886
6710886
6710886
6710886
6710886
6710886
6710886
6710886
6710886
6710886
6710886
6710886
6710886
6710886
6710886
6710886
6710886
6710886
6710886
6710886
6710886
6710886
6710886
6710886
6710886
6710886
6710886
6710886
6710886
6710886
6710886
6710886
6710886
6710886
6710886
6710886
6710886
6710886
6710886
6710886
6710886
6710886
6710886
6710886
6710886
6710886
6710886
6710886
6710886
6710886
6710886
6710886
6710886
6710886
6710886
6710886
6710886
6710886
6710886
6710886
6710886
6710886
6710886
6710886
6710886
6710886
6710886
6710886
6710886
6710886
6710886
6710886
6710886
6710886
6710886
6710886
6710886
6710886
6710886
6710886
6710886
6710886
6710886
6710886
6710886
6710886
6710886
6710886
6710886
6710886
6710886
6710886
6710886
6710886
6710886
6710886
6710886
6710886
6710886
6710886
6710886
6710886
6710886
6710886
6710886
6710886
6710886
6710886
6710886
6710886
6710886
6710886
6710886
6710886
6710886
6710886
6710886
6710886
6710886
6710886
6710886
6710886
6710886
6710886
6710886
6710886
6710886
6710886
6710886
6710886
6710886
6710886
6710886
6710886
6710886
6710886
6710886
6710886
6710886
6710886
6710886
6710886
6710886
6710886
6710886
6710886
6710886
6710886
6710886
6710886
6710886
6710886
6710886
6710886
6710886
6710886
6710886
6710886
6710886
6710886
6710886
6710886
6710886
6710886
6710886
6710886
6710886
6710886
6710886
6710886
6710886
6710886
6710886
6710886
6710886
6710886
6710886
6710886
6710886
6710886
6710886
6710886
6710886
6710886
6710886
6710886
6710886
6710886
6710886
6710886
6710886
6710886
6710886
6710886
6710886
6710886
6710886
6710886
6710886
6710886
6710886
6710886
6710886
6710886
6710886
6710886
6710886
6710886
6710886
6710886
6710886
6710886
6710886
6710886
6710886
6710886
6710886
6710886
6710886
6710886
6710886
6710886
6710886
6710886
6710886
6710886
6710886
6710886
6710886
6710886
6710886
6710886
6710886
6710886
6710886
6710886
6710886
6710886
6710886
6710886
6710886
6710886
6710886
6710886
6710886
6710886
6710886
6710886
6710886
6710886
6710886
6710886
6710886
6710886
6710886
6710886
6710886
6710886
6710886
6710886
